( 0.0 10.28 100.0 )
( 22.18 10.28 100.0 )
( 45.533 10.28 100.0 )
( 60.04 10.28 100.0 )
( 0.0 35.5014 100.0 )
( 22.18 35.5014 100.0 )
( 45.533 35.5014 100.0 )
( 60.04 35.5014 100.0 )
( 0.0 65.933 100.0 )
( 22.18 65.933 100.0 )
( 45.533 65.933 100.0 )
( 60.04 65.933 100.0 )
( 0.0 121.7 100.0 )
( 22.18 121.7 100.0 )
( 45.533 121.7 100.0 )
( 60.04 121.7 100.0 )
( 0.0 10.28 120.0 )
( 22.18 10.28 120.0 )
( 45.533 10.28 120.0 )
( 60.04 10.28 120.0 )
( 0.0 35.5014 120.0 )
( 22.18 35.5014 120.0 )
( 45.533 35.5014 120.0 )
( 60.04 35.5014 120.0 )
( 0.0 65.933 120.0 )
( 22.18 65.933 120.0 )
( 45.533 65.933 120.0 )
( 60.04 65.933 120.0 )
( 0.0 121.7 120.0 )
( 22.18 121.7 120.0 )
( 45.533 121.7 120.0 )
( 60.04 121.7 120.0 )
( 0.0 10.28 500.0 )
( 22.18 10.28 500.0 )
( 45.533 10.28 500.0 )
( 60.04 10.28 500.0 )
( 0.0 35.5014 500.0 )
( 22.18 35.5014 500.0 )
( 45.533 35.5014 500.0 )
( 60.04 35.5014 500.0 )
( 0.0 65.933 500.0 )
( 22.18 65.933 500.0 )
( 45.533 65.933 500.0 )
( 60.04 65.933 500.0 )
( 0.0 121.7 500.0 )
( 22.18 121.7 500.0 )
( 45.533 121.7 500.0 )
( 60.04 121.7 500.0 )
